652413897813769452947258631439526178178934265526187943294371586761895324385642719
786512349492378156135694287347826915619457832528931764261743598853269471974185623
584769231613842759729135648942658173836417925157293486298371564365924817471586392
869341752432576981517289634685194327374652198291837546728963415956418273143725869
918452736465738192273916854539627481681345927742189563396874215157293648824561379
758914632329786145614532897465129378931867524872345961187293456543671289296458713
786519243251384967439762581897631425524897136613245798375428619962173854148956372
584916237691273845723485169142658973876329451935147628267591384459832716318764592
189763524346825971257491836613579482598246317472138695961357248834612759725984163
418697523395241687276358149631784952524913876987526431752469318863175294149832765
874526391615934782923187645392861457157249863486753129238415976741692538569378214
584193726127465938936278415345781269861932574279654381692517843718349652453826197
678924153429351687135678429941237865367485291852169734516792348284513976793846512
574869132281375964639421578463598721912736845758214693846952317127683459395147286
781259364542736981693184725837465219924318657165972438278641593456893172319527846
234978615687125439591364872928417563745836291163592784479283156812659347356741928
867934125429561387351827649273486591514293876698175234135748962946352718782619453
832795416649312785517648329768923154491567238325481967276154893154839672983276541
517342968328169547496857321951284673732516894864973215675428139289731456143695782
186943527953872641724651893465397182279184356831265479347526918518739264692418735
724851963369742851815693724543169278682374519197285436238917645951426387476538192
589142367243796815671835294964317582827569143135284976758621439396458721412973658
268973451349651827751248693612739584935184762487562319894325176526417938173896245
738421965619375248245869371572918436894637152163254789321786594987542613456193827
214759836867432195935681274159824367672315948483967512526173489348296751791548623
962738415375941826184625973437186259816592734259374681741263598598417362623859147
947625813658431927213897654184762539725319486369584271572943168436158792891276345
345169287269487153178352694537214869896573412421698375784921536613745928952836741
253614789976852314148379562624583197735196248819247635367428951491735826582961473
143672895276859143985413276834267519712935468569184732351726984428391657697548321
793651842284793651165284793478319265319562478526847319851436927637925184942178536
691243875324587619758169234947628351263751948185394762839475126416832597572916483
371286495254391786968754213682517934749863152135942867527139648816425379493678521
134259876962478315857631249498563127523197468671842593215786934749325681386914752
327541896856239174419876253294315687635782941781964325963427518548193762172658439
452873169938216475617495823189327546523641798764589231346152987891734652275968314
237654891419278365586391742751483629342769518968125437823516974194837256675942183
294756381561983274387124596645831927813297465729645813472319658936578142158462739
419562783562837914387149526173284659695713842248956371954371268731628495826495137
784215639236978415519364827628791354945836271371542968167483592853129746492657183
264375189519468732378291456143826597682759341957134628436987215825613974791542863
146932875879651234352847619425168793618379542793425186967213458231584967584796321
549871326327569418168342795934285167675194283812637954751428639486913572293756841
679342851243581769851967243467895132398214675512736984924658317785123496136479528
325461987461798532798235641839612754617584293254973816172849365583126479946357128
175493862369128457284657931693872514758914326421365798832541679516789243947236185
597832416486591237312674958879465123653129784241783695938247561765918342124356879
324896751968715243715342986187934625293657418456128397672589134839471562541263879
926145837745683192183792564852379416637214985419568273374851629568927341291436758
427856193189372564563941827718563249652419378934728615295684731846137952371295486
273598614419623857865174293946385721582917436731462589658731942394256178127849365
786953124539421687412687593261574839843219765957836412194762358328145976675398241
482769135956138274731524896825976413314285967697413582568392741149657328273841659
256813749798642513314579268943125876182467395567938124875294631431756982629381457
531879642897426153264513897673941285418752369925368714742685931189234576356197428
958714263674329518123658749789546321516273894342981675865192437431867952297435186
168325497479186532532794186926841375751932648843657921614279853397518264285463719
347561928918237564526498137271684359835729641694153782469875213782316495153942876
657314892142958376398267451729831564863425917415679283981743625274596138536182749
574681329163429857892537416729316548451278693386954271215893764637145982948762135
682594713714836529593721684946258137835617492127349856358462971269175348471983265
596837124137425896428961735215693478849572613673148259781356942952784361364219587
629485371157392486438167592372851964891246735546973218965714823284639157713528649
561798234342651798897324165714539682258416379936872451479265813183947526625183947
936581724251479638847236915723945861564813279189627453678354192495162387312798546
895476132467123985123958674658792413342681597971345826739864251284517369516239748
385976142916284537724513986643157298859642371271839654532768419498321765167495823
768539214925148376134627985287364159691785423543912768819476532476253891352891647
943867521276951438185234796564379812312485679897126354638712945451693287729548163
568792143473815926921346857149237685287561439356489271715624398892173564634958712
628751943715943286394682715871369524956428137432175698549236871187594362263817459
793165284516482379824937615649871532158243967237659841972318456481526793365794128
168235794294187356357469218682391547573842961941576832816923475729654183435718629
753298146826431597914657823491826735375149682682375914147583269538962471269714358
423675981916483527857129643234897165185346279769512438678954312392761854541238796
943156728682497351751832496524618937378945612196273584439721865817569243265384179
936528471154796823728143596415239687672815349893674152247351968369487215581962734
947352861623481957518976234495768312762139485831245679286514793359627148174893526
316782549952461387784593621439876215527134896168925734243617958691258473875349162
741825963965413827823769145482596731159372684637184592576238419218947356394651278
152734869863529741974618352219486573745391286638275914426853197381967425597142638
523814769748695213196732548974321856351486972682957134435279681819563427267148395
579483612682517943314926758427895136165374289938261475251648397846739521793152864
637128945152943678489576321713259864925864137846317259294731586568492713371685492
748932615362514897195876234839427156524691378671385429416753982953268741287149563
356187942841329567729564183215643879974218356638795421462951738187432695593876214
934286517768915432512347896629453781871629345345178629186532974253794168497861253
218374569345689712796512348853246197471938256629751834984125673567893421132467985
346872195158469372729153648984537216517624839263981457871396524632745981495218763
358194276492576381167832594741629853529348617683751942216987435934215768875463129
527194386198632754346758912935867241261543897784921563479215638853476129612389475
769342581421785396538169724893256417217438659654917832985671243372594168146823975
423168597895437216167259348254971683786345129931682754579813462342596871618724935
819267453652341897473598261245839716967154328138726549794685132521973684386412975
867459312215368497943172685581743926736291854429685173678514239394827561152936748
736591248218463975945278136581739462497682351362145789123854697659317824874926513
697413528821597346354826791248165937963784215715239684472351869136978452589642173
391654782728391564654872193137926458542183976986745231815269347473518629269437815
416798523385462791927531846179325468243816957568974312751689234892143675634257189
784653129613892547259417836378124695162579483945368271421935768537286914896741352
762149583158273496943856271537462918291538764486917352814395627375621849629784135
624589371731426958859317246165274893398165724247938615482691537916753482573842169
269413587458679321137258964743586192916732458582194736394861275671325849825947613
136495278284671359975328164649852731518736942327149685863214597752983416491567823
123594867496827135875316429314972586967458213582631794249783651651249378738165942
129587463738614925546293178853742691614935287972861534467359812381426759295178346
986742531315896472274513869652938714138274695749651328893427156427165983561389247
417639852539842716286751493728163549365498127194275638652984371841327965973516284
941638752725914863836572914463785129157329648289146537374861295518293476692457381
452963781817245936936781524768159342341672859295834167623517498579428613184396275
679238415235741968184695372847126593356974281921583746713462859598317624462859137
547632189238951467916784253891546372752319846463278915624895731179463528385127694
247983651159462378386715492471329586938657124562148937894571263625834719713296845
492615783185793264736824159671482935829531476354967821543279618218346597967158342
957436812283751649146829735769385421532164987814297563691542378478913256325678194
317865924942137568856942731261759483783214695594683217178496352625378149439521876
748239156169875342352164789513648297926753814874912635431526978695387421287491563
856749123942361578371285694129457386635128749487936251264593817793812465518674932
631948527728365914549271368975482136812736495463159872354617289197824653286593741
398641527126957843547832961932586714475219386861473295683125479714398652259764138
475298136162743859983516247298365471654187392317429685541932768829674513736851924
816372549597148623243569871769423185328615497451897236974251368685934712132786954
846312957159764238273895146768539421592471863431286795984657312627143589315928674
149267358627835491583149627816354279435972186972681534294713865758426913361598742
439568721725931864618742395284357619561489237397126548172893456853614972946275183
534168927892475316176392854753916248421857693968243175687529431215634789349781562
685921473419753862237864195346219587571386249928475316794132658863547921152698734
176592834238146795549387216413879562765214389982653147857961423394728651621435978
389275416217486953456193287623958741178342569594617328935864172761529834842731695
436129578815473962729865341357291684194638725268754139573942816641587293982316457
571962384296348157843517692712834569389756421654129873128495736935671248467283915
264597183318264759579831624691372845485916372732485916143729568927658431856143297
716952384823614795945387162452196873698573421371428659187239546569841237234765918
521386749973542186864197523718235964295864371436719258147928635659473812382651497
459821637813679524276435981197358462524716398368294175781563249645982713932147856
149836752256947138387521469718395624592764381634218975965172843873459216421683597
697512483138946527425387196743628915819435762562179348281754639376291854954863271
281537469975426138436819257593741682742368591168295374854672913629183745317954826
183629547794538162652714938517346289236985471948172653879451326365297814421863795
461293875872564931539187624285941763716835492943672158397458216154726389628319547
197635248648972135235814796379486512812357964456291387784123659921568473563749821
286917534317452986495863712142538697653179428978624351564291873831745269729386145
427516398518394672693287145732165984845973261169842753276438519954721836381659427
384195276912763485567248913239681547675429831148357629491836752853972164726514398
517692834862435971934781526195843267348267159276159348651378492783924615429516783
457963281938521746612847359584672193271439568369158427146385972823794615795216834
746253198918476352253189674361948725492715863587632941675821439139564287824397516
654238719728491365139657284967512843215843976843976152386724591571369428492185637
839127465652394817147568239986451723423879156571236948795612384264783591318945672
287149563345268197691375248153687924869452731472931685716824359938516472524793816
432576981589431627671829435268315794947682513315794268194253876826147359753968142
751943826269718453483652197395824671614597238872136945928365714546271389137489562
298657143156324789473918562541736298389142657762895314924563871617289435835471926
761839245429576813358241967973458621284613759516927384192365478635784192847192536
563478219741239865928516347319657428287341596654892731172984653836125974495763182
561937428493182567728456913684329175937541682215678349856294731342715896179863254
476523198915748326283619754328467519594231867761985243857194632142376985639852471
124765938865932174937418562542896713396127845781354296459273681618549327273681459
437891652915326487826547319269483175783152946541769823398274561674915238152638794
495261378723589164168743529376812945214956783859437216932678451647195832581324697
276548391914236578358719426782354619193627845465891237547962183831475962629183754
691324578237685941845917236516472893982531467374896152429163785168759324753248619
239685174476391582815247936583726419624913758791458263152839647968574321347162895
328957146714268359956431278589724631261583794437619825192346587643875912875192463
579416238142837695368592174237148569416975382985623417794351826821764953653289741
836192745247853619195647283978325164521964837463781952754216398682539471319478526
349576281762981453185234697876152349534697128921348765617829534258413976493765812
192386754564719823378425196819274635253961487647538219726153948985642371431897562
941785236327916854658423197893274615512698473476351928269837541785142369134569782
483527691572196843619834275895713426127468539346259187768345912931682754254971368
412386759867159423359742861194863572283517946576924318741638295628495137935271684
281495376947631528356287149439128657815764932672953481564879213198342765723516894
764835219321697854958124763693782541142569387875413926489356172536271498217948635
713462859856719324429358716567834192231695487948271635185946273672583941394127568
574982136269351874381674295643527981715839462892146357457293618926718543138465729
284659371391827645765341928572986134816234759439175862628493517953712486147568293
346879125852314976197526384569481732418237659723965418934758261675192843281643597
438279156971546238625813947392785614514692783867134592289461375146357829753928461
829614573314785692756239418275493861968521347431867259192356784643978125587142936
589247613631958742274163895723596481495831276816472539157324968342689157968715324
817463259329751486564982371932675814785214693146398725473529168698147532251836947
283965471174823596659741238416538729738296145925417683392654817547189362861372954
432758916695312784178694352784123695921567843356489127869235471217946538543871269
924813756538467129716925843851679234673142985249358671182536497367294518495781362
965371284347852961218964573591638742783245196426719835639527418172483659854196327
748631529629875413531942687465197832297583164813426975386754291974218356152369748
456273189137698524928415673612847395785369412349152867594781236863924751271536948
567938142983241657142657839316579428478326915295184763651792384724863591839415276
582176943194583672376249581918734256627958314435612897253497168769821435841365729
214589673679324851583716942941257386325698714867431295452873169138965427796142538
831596724674812395259374816948267531512943678763158249386421957197635482425789163
846712953975364182132598674768459231459123768321687495517236849683941527294875316
325168794674293518189475236841932675963754821752681349598317462417526983236849157
179634258458219367236785914763152489591847623824963175687391542942576831315428796
419275386672398541583416792267581934358942167941763825896154273735629418124837659
169872345427153869583694172912536784834927516675481293751349628248765931396218457
571936842689724351423851697294678513817543269356192784768219435932465178145387926
195684372863279145274351986632817459917425863458963721329548617786192534541736298
482753916371649825659281473147532689825916347963478152798165234516324798234897561
147369258935827614268145793679281345512493867483756129894672531356918472721534986
568923714124587369397416528732148695845769231619352487476831952251694873983275146
241978536638254197975631248319765482762483951584129763827596314156347829493812675
983174526654932817127658439592386174741295683368741952439517268275869341816423795
132598764864173529957246831319762485528439617746851293273615948481927356695384172
724613895196785342538942716469128573871539624253467189385291467612374958947856231
835619274716234985429758316298476531357921468641385792564897123173562849982143657
694531278273489651581672934342815769718963425956724813169347582427158396835296147
495617832762385419138924567651738294987462153243591678519843726876259341324176985
384695127267143589915728463693251874751834296842967351529416738138579642476382915
156372894439851672287946351528714936713698425694235718872169543941583267365427189
865293471379614582214857963182936745597148236436725819728561394941372658653489127
659321487841657932327498651516983274298174365473265198732816549984532716165749823
462793158357618942189245376615437289938521467724869513843956721571382694296174835
943678512256431879718259364674382195395714628821596437482963751137825946569147283
841675239792831645536492817317269584425387196968154372254918763689723451173546928
128753694736498125954126378687514239295637841341289756873965412562341987419872563
714853926638279415952416387185734269267198543349562871521947638496381752873625194
734682951198375426625914873869523714351749268472861539283197645546238197917456382
459267138236981574718435962641753829982146357573829641867512493125394786394678215
891653742537842691246917835472135968368729154915468327759384216684291573123576489
275318496634972158918654732397281564846795213521463879783549621162837945459126387
382465197975831426614792835821576943749183562536249718157324689463958271298617354
279461835345879621168523479687195243513248967492736518924387156756914382831652794
152479386874365921963281574415793268629854137738612459246137895397548612581926743
589642713364175892721983564475261938698354271132798456917826345843519627256437189
172546398698123574435978126851692743923754681764831259219387465546219837387465912
943628571152974683876153942325417896498365127617892354781239465569741238234586719
165279483974863512238145697327458961416927358589316274741592836693784125852631749
824731569751946328639852741572689413398214657146573892217468935483195276965327184
493185627168274395257693481645832719729451863831769254572948136316527948984316572
361598247574132869982647351259876134147253698638419725825961473413725986796384512
619375482528469173374281596843157269291836745765942318432798651186524937957613824
491257368278463591653819472546781239189325746327946185864572913912634857735198624
857641293946372518123589746465897132239165487781423965374958621612734859598216374
287194653631572894594386172476239518815467329329815467753628941142953786968741235
218965473674813925395724186953481762461237859782596314536179248129648537847352691
278691435364285719519374286152938647437516928896427351681742593723159864945863172
183476259752983416496215387567348192814629735239751864375192648941867523628534971
136782549927546381854193762783619425492358617615274893341965278569827134278431956
295143867861927534437865291683594712574216389912378645128659473756431928349782156
531974862476281953829356174963128547752649318184537629648713295297865431315492786
846239517532761849971584326395872164218946753467315298729453681653198472184627935
536892147784136592291457836123584679679321485458769213947615328362948751815273964
987561423641293785325487196192358647458976231763124958534612879819745362276839514
289346157317528946654917382978435261165892734423671598892754613736189425541263879
345782691168349725729615348814956273957234186236178459483567912672891534591423867
543817692179625384826493751361954827254781936798362415935246178417538269682179543
157436892983152746246879513465713289318925674729648351674281935832594167591367428
285461793941327856736598142398675421467213985152984637624159378819732564573846219
147963825235718694698245137413879256726351489859426371971682543362594718584137962
958172463764938215312465798489356172175829634236714589891247356543691827627583941
197853426462791835358642197231487569685219374749365281916528743874136952523974618
653941872172835469948267513461792358589316247327584196834659721795128634216473985
867213495543896721129475683351627849982534167476981352634159278215748936798362514
597362481648915723231784956486593217912678345375241869724136598869457132153829674
534287619768915324291346578325679841417852963689134257842763195156498732973521486
423896571751432986689751243135967428276184395894523167547619832368245719912378654
579314682614852937382976145265731498147698523938245761821467359453129876796583214
583697421172543698649182573364825719958761342217934865435279186891456237726318954
927153864183467925645829371596284713231975648874631259769548132412396587358712496
572981364938462157461735829789326415314598672256147983647213598895674231123859746
548192736213576894697348215762953481435681972981427563354769128876215349129834657
931582674258647913647193285723961458894735162516824397369478521485219736172356849
354187269627459318918236754836942175492571836571863942783695421245718693169324587
872645193931728465456319827694572381725183649183964572548291736217836954369457218
732459186158362794694718253847135962316294875529687431275846319983521647461973528
452867139389412567761593428638745912275931684194286753817629345546378291923154876
529864317471532986683197542215479638394628751768315294836251479157946823942783165
294753186538146279761928354487269531913587462625431798149675823856312947372894615
148379526263145978597682431934756182756218394821934765385467219619523847472891653
697581234231746958854932176428157369516398742973264581762413895389625417145879623
496137285852946713137852469743685921265391847981274536519468372674523198328719654
973612485284753916156948237415239768839167542762584193647321859328495671591876324
156483279973215864284679315791526438542837196368194752417968523839752641625341987
362845197187932546954176283849721365621354879573689421715298634236417958498563712
451976283673812945928534176514623798832497561769158324147285639396741852285369417
231564789456879132987123456569317248312486975874295613723648591648951327195732864
146859273257413896398762514819534762624197358573628941962345187485271639731986425
847632591352891764196475823568349172213567489479218356724156938981723645635984217
645891273892374165731526489367918542924657318158243796213469857489735621576182934
759812436348596721162347598816724359934185672275963184521638947493271865687459213
271965438569834172384172596435628719618793245927541863146289357893457621752316984
863749521572163894941852376216495783387621945495378612158934267629517438734286159
759842316412365987368791245975428163684153792231976458597284631146537829823619574
489627351631954278275138496957381642864279135312546987526793814798412563143865729
463982571891756342725143698647238915958671234132495786514369827376824159289517463
896345217431726598572891436153974682249618375687253941924587163765139824318462759
356427981892136475714958362478392156635814297129765834963271548247589613581643729
641985372298734651735126948426598713913472865857361294572643189189257436364819527
479258163813764925526391847384912756692475381751683492138546279945127638267839514
157692834428731965693548127285173496741869253936254718512486379869327541374915682
458732169723691845169854237941375628687249513532168974316587492295413786874926351
285964371946371825371582946698725413453618792712439658569243187134857269827196534
162839457938547126574621839893475612651298743247316598489163275316752984725984361
732851496164792835589463217415678923293145678678239154346927581827514369951386742
928451637456837219371926584792164853615389472843572196139248765564713928287695341
789234561654718392231956874347681925916542738825397416578163249463829157192475683
735286941286419735149573682912865473453792816867341529624157398571938264398624157
427598316561732849938614752193246587675189234842357961789463125256871493314925678
495286317326174589781359642539861724162947835847523961678415293954632178213798456
684573192913264875275819346456932781897145263132687954748351629369428517521796438
498763512736251849152849367985612734647538291321974658569187423813426975274395186
736541892948362175125798364659814723412673958873259641364127589591486237287935416
976381245483256719125974368351497826742168593698523174814632957239745681567819432
594863172712459638683712945965174283431528796278396514857231469329647851146985327
623497518479518623815632497781925364354186972296374851138769245947253186562841739
387621594542793681961485327629174835415368972873952146256837419198246753734519268
452867913813259674697431825548176392761392458239548761374915286126784539985623147
678532149451879263392641875246958317783416592915723486169385724837294651524167938
461798523389562714725314698617943852893625147254187369976231485542876931138459276
218954736937286451645137289874319562163572894529468317486795123352641978791823645
925738461873146529614259837547321698298465713136987254351674982482593176769812345
564291387139857246782436591253749618976318425418562973341985762825674139697123854
493128567617945382825763149176852934954637821382419756739286415561394278248571693
924185637518673942673942851759426183136857294842319765485791326261538479397264518
842731596765492138391658472239576814576184923184923657658317249927845361413269785
795634821482719536361285497136428975548971362279563148923857614654192783817346259
317596428695824137482137956238659741564781293971243865729368514856412379143975682
549762831286139745137458962921645387365817294478293156793524618814976523652381479
623584179547619832918372564251748693396251748874936251185463927739825416462197385
685714923341629587972538461126897345894351276753462819517243698439186752268975134
437815296251396478698247153786534912912678534543921867325789641179462385864153729
378594162261387594549621387913752648684913725725468913157846239492135876836279451
657928341821374596439156827962581734375649182184237965216793458743865219598412673
369728451452619783781543926643297518298154637175386249927835164536471892814962375
739562148841739652562814973185693427427185396396247581273951864654378219918426735
825796431369415278174283659786124395943578162251369847612937584537841926498652713
932641785415387296786952143549218367821763459367594812258139674674825931193476528
295467831478135926631982754142873695986521473357649182529716348863294517714358269
428195763735246819961387254142673598597824631683519427859461372276938145314752986
725368149368941275194257683432175896986423751517896432673514928251789364849632517
824637591563819472179254683387491265246583719915762834751328946432976158698145327
523486917647193825819725463172954638396871254485362791758619342931247586264538179
614259378523874619987136542175493286246581937839627451458762193361948725792315864
135284679786953124249617538917325486654798213328461795492136857573842961861579342
879351426241976358356842197415263789723589614968714235584127963197635842632498571
914236587583714692726859431679342815432185976851967324268591743347628159195473268
843152976625978431719436258257691384138745692496283715572314869984567123361829547
928731546561492378374586192195367284642859731837124965786915423219643857453278619
431289567765143829928756143289617435617435982354892671843521796196374258572968314
926438571413795682578612493359871246167249358284356917735124869641983725892567134
687432915125698743349571286216857439538149672794263158951324867873916524462785391
